timestamp,accel_x,accel_y,accel_z,rotation_x,rotation_y,rotation_z, pitch,roll,yaw
0.04580092430114746,-0.001004233956336975,0.006310805678367615,-0.00835806131362915,-0.008565511554479599,-0.044766560196876526,-0.044212665408849716,0.08176507860587735,0.13241672916659958,-0.005424465853237372
0.0599668025970459,0.00016085803508758545,0.0038861483335494995,-0.012224018573760986,-0.005529308691620827,-0.05333208665251732,-0.04526897892355919,0.08162877590788661,0.1319618631939962,-0.005860478198640213
0.06176900863647461,0.0026067495346069336,0.0005648583173751831,-0.013342320919036865,0.008496494963765144,-0.057465046644210815,-0.044040195643901825,0.08157268317931692,0.13144707739369177,-0.0063064933709907345
0.0629889965057373,0.0028361380100250244,0.007226891815662384,-0.010626077651977539,0.03388930484652519,-0.0639219656586647,-0.039505526423454285,0.08173501420921711,0.13087695206208652,-0.006749250821874208
0.07219290733337402,0.00308072566986084,0.013106413185596466,-0.008009850978851318,0.04428708553314209,-0.06877824664115906,-0.033489178866147995,0.08209205028014088,0.13024725070979487,-0.007165084576221586
0.07875990867614746,0.001994773745536804,0.010730460286140442,-0.005312979221343994,0.03162786364555359,-0.068207748234272,-0.0344734825193882,0.08243331667229407,0.12958957736505008,-0.007550245100576189
0.08864283561706543,0.0030934661626815796,0.0018618181347846985,0.0006247758865356445,0.01725025661289692,-0.0600757896900177,-0.03346174955368042,0.0826290563106776,0.12897401732850894,-0.007928040244456522
0.0987999439239502,0.003833591938018799,-0.00170908123254776,0.004959702491760254,0.011466635391116142,-0.054571300745010376,-0.031899593770504,0.08272057915711956,0.1284268584472026,-0.008274665343156356
0.10877394676208496,0.0038615912199020386,-0.0012088939547538757,0.008279025554656982,0.018290186300873756,-0.04970623552799225,-0.03178587555885315,0.08282440249277186,0.12793651078799156,-0.008600292310283057
0.11918497085571289,0.007252871990203857,0.0017845407128334045,0.01148068904876709,0.03364674001932144,-0.05272253602743149,-0.03156675025820732,0.08304147560514975,0.1274564051029803,-0.00893819334789648
0.12875008583068848,0.012263268232345581,0.007484897971153259,0.014891624450683594,0.03973232954740524,-0.05365118011832237,-0.030450353398919106,0.0833565651604075,0.12694477308000077,-0.009298085298894945
0.13886094093322754,0.017260849475860596,0.00871170312166214,0.013500392436981201,0.0427061952650547,-0.04641425982117653,-0.03227131441235542,0.08373018336961886,0.12647764815561477,-0.009670198369107092
0.14921092987060547,0.02101530134677887,0.0051146000623703,0.011157631874084473,0.035863470286130905,-0.044518887996673584,-0.03309982642531395,0.08408636486007379,0.12606388595632523,-0.010055159454482227
0.1591169834136963,0.02107832580804825,0.0062671080231666565,0.01197129487991333,0.01894247904419899,-0.04933725669980049,-0.03713110834360123,0.0843088657176154,0.12563205922128623,-0.010434576815400862
0.169050931930542,0.02563779056072235,0.0043742358684539795,0.01777404546737671,0.01672166958451271,-0.05156712234020233,-0.04637041315436363,0.08441528402548822,0.12515767849836532,-0.010877154831290764
0.17901206016540527,0.027315527200698853,0.0024846717715263367,0.01951456069946289,0.01899600774049759,-0.04977064207196236,-0.04820005223155022,0.0845403233130148,0.12469672923926929,-0.011372228764092102
0.18885493278503418,0.026988759636878967,0.011758789420127869,0.014378011226654053,0.015041746199131012,-0.05697182938456535,-0.05509098246693611,0.08464427878533311,0.12421038813099991,-0.011908612497538475
0.1988539695739746,0.029071085155010223,0.017439313232898712,0.011592268943786621,0.017668604850769043,-0.05427231639623642,-0.0606231689453125,0.0847098139688853,0.12386436603959378,-0.01251272769159912
0.20906281471252441,0.02841523289680481,0.013048224151134491,0.014015495777130127,0.016959670931100845,-0.043781861662864685,-0.06847123801708221,0.08469794466411709,0.12364791831585191,-0.013197221770413506
0.21907305717468262,0.02148236334323883,0.016187533736228943,0.016493499279022217,0.014910019002854824,-0.030936943367123604,-0.06706077605485916,0.08466330718875514,0.12362213286475059,-0.013923424990483733
0.22932887077331543,0.015762552618980408,0.017538800835609436,0.014941990375518799,0.007994056679308414,-0.022945595905184746,-0.07617384940385818,0.08461056899155675,0.1237427640795308,-0.01467471097592727
0.23904991149902344,0.01234128326177597,0.01712431013584137,0.012667238712310791,0.010396012105047703,-0.011706836521625519,-0.08288873732089996,0.08453148973850247,0.12393044165204897,-0.015506453520597352
0.24904704093933105,0.008310794830322266,0.016149677336215973,0.011669397354125977,0.008781337179243565,-0.003440116997808218,-0.08898577839136124,0.08448749558429072,0.12425625430613539,-0.016406131650022134
0.25896382331848145,0.0018450021743774414,0.021301060914993286,0.009031355381011963,0.0011377986520528793,0.0023286454379558563,-0.09717990458011627,0.08440481105696551,0.12466807501304691,-0.017367678340816792
0.2689058780670166,-0.0028766244649887085,0.018315352499485016,0.005184531211853027,-0.010999291203916073,0.00876231025904417,-0.10718406736850739,0.08411889864968998,0.12511935002659175,-0.018399569843842566
0.2789449691772461,-0.004281103610992432,0.013417676091194153,0.0007869601249694824,-0.03272547572851181,0.007442225236445665,-0.11612743884325027,0.08358334745789892,0.12562366695974606,-0.01951561702590773
0.2888948917388916,-0.0037333816289901733,0.01072470098733902,-0.003213226795196533,-0.04925411939620972,0.0007694088853895664,-0.12332622706890106,0.08287155631115817,0.12611165507710811,-0.020683715302452478
0.2990078926086426,-0.004999861121177673,0.003697209060192108,-0.007485568523406982,-0.022617865353822708,-0.0069457245990633965,-0.11973974853754044,0.08217408211315749,0.12644386615915923,-0.021881375353516946
0.3092529773712158,-0.004526123404502869,0.0029176920652389526,-0.005650997161865234,0.0037793880328536034,-0.027562320232391357,-0.12309746444225311,0.0817593931228442,0.12656229310685557,-0.023081263663252725
0.3190028667449951,-0.004758775234222412,0.015131302177906036,-0.0069158077239990234,0.02661309763789177,-0.04970978945493698,-0.12605276703834534,0.08159758537932957,0.12641008121056369,-0.02435172524220374
0.3290410041809082,-0.001583009958267212,0.00780072808265686,-0.010428845882415771,0.044211264699697495,-0.06268470734357834,-0.12650977075099945,0.08165244535910016,0.12603831330886908,-0.025665487177374664
0.33907198905944824,0.002636425197124481,-0.006372995674610138,-0.012574851512908936,0.0629948228597641,-0.0580272413790226,-0.11834622174501419,0.08179193775298804,0.1255378394851671,-0.026962220084324483
0.349092960357666,-0.0012880265712738037,-0.009185127913951874,-0.012327492237091064,0.07798602432012558,-0.0596802644431591,-0.10382906347513199,0.08217015881722843,0.12502006868703378,-0.028144139348190805
0.35907697677612305,-0.002167709171772003,-0.009738869965076447,-0.010616600513458252,0.1011500209569931,-0.05819985643029213,-0.09363363683223724,0.0827781512886485,0.12448091072859975,-0.029220604807664384
0.369920015335083,0.00211460143327713,-0.013077251613140106,-0.010167598724365234,0.12987221777439117,-0.06567401438951492,-0.081032894551754,0.08371547680143675,0.1239252093331882,-0.030225799657142824
0.3791167736053467,0.010294854640960693,-0.01312238723039627,-0.013086438179016113,0.1400470733642578,-0.07312212884426117,-0.07485222816467285,0.08491054727936612,0.12327266728267382,-0.03117211616913168
0.38971495628356934,0.015392407774925232,-0.007955797016620636,-0.01020270586013794,0.12737521529197693,-0.07614721357822418,-0.06807208061218262,0.08609893820562035,0.12257428568885767,-0.03204888272264707
0.39922189712524414,0.020031526684761047,-0.018649287521839142,-0.006296336650848389,0.09773089736700058,-0.07518421113491058,-0.0694977343082428,0.08691361550494997,0.12187267974129277,-0.03287133639954519
0.40934205055236816,0.023839406669139862,-0.027617745101451874,0.0008247494697570801,0.07895028591156006,-0.07303477823734283,-0.05954575911164284,0.08754533908603296,0.12120736542326632,-0.03362179912267075
0.42081689834594727,0.02796342968940735,-0.028148241341114044,0.004598677158355713,0.07269079238176346,-0.083700031042099,-0.055644549429416656,0.08822290728198058,0.12054691312175618,-0.034285154941472884
0.43248796463012695,0.0319669246673584,-0.01949496567249298,0.006625056266784668,0.06724303215742111,-0.09633299708366394,-0.04918159171938896,0.08886784090428743,0.1197148416916972,-0.03489598236881918
0.44104504585266113,0.0367288663983345,-0.013508573174476624,0.006098687648773193,0.0690910667181015,-0.10160898417234421,-0.046831242740154266,0.08951623518141617,0.118779393722415,-0.03545981606087867
0.4492759704589844,0.041343994438648224,-0.013708099722862244,0.002617776393890381,0.06383691728115082,-0.0983990728855133,-0.041296396404504776,0.09020449305574038,0.11788485958660884,-0.03597964365125294
0.4594271183013916,0.036850929260253906,-0.013640984892845154,0.0025023221969604492,0.0468444861471653,-0.08916900306940079,-0.034660227596759796,0.09077748860946248,0.11712665420421776,-0.03644231192974509
0.469890832901001,0.03241639584302902,-0.01583266258239746,0.008678793907165527,0.04599600285291672,-0.07169120758771896,-0.02163017727434635,0.09121211670143642,0.11655466178208919,-0.03679078713962995
0.4793870449066162,0.0306081622838974,-0.01901920884847641,0.011470973491668701,0.06000664085149765,-0.06158357858657837,-0.01189962588250637,0.09187356890381415,0.11616844424017926,-0.03703571502010472
0.48998284339904785,0.03030376136302948,-0.012723498046398163,0.013238728046417236,0.06970161199569702,-0.05549559369683266,-0.003220383543521166,0.09275616267707797,0.11588405306409101,-0.037219289718413366
0.49935412406921387,0.03166298568248749,-0.005362287163734436,0.016494333744049072,0.08335407823324203,-0.05125371366739273,0.0011035779025405645,0.09375881606774374,0.1156931829926596,-0.03735434860877211
0.5094189643859863,0.0316440612077713,-0.0047564879059791565,0.018193304538726807,0.08944232761859894,-0.0438850112259388,0.0038029581774026155,0.09479646472819123,0.11560026984478655,-0.03746251836517447
0.5197498798370361,0.027318067848682404,-0.00341835618019104,0.021900653839111328,0.07661581039428711,-0.027859263122081757,0.00365280918776989,0.09571150714360206,0.1156491399973608,-0.03755672424367031
0.5296099185943604,0.020997069776058197,-0.005614474415779114,0.025482892990112305,0.07597292214632034,-0.011412112973630428,0.008711750619113445,0.09655577723071142,0.11590942525276418,-0.03763468304927206
0.5396709442138672,0.01838693767786026,-0.00529421865940094,0.022516965866088867,0.07753510028123856,-0.008901816792786121,0.005743603687733412,0.09739879654553381,0.11618227481144924,-0.03769320121625609
0.5493619441986084,0.017231673002243042,0.0023619085550308228,0.019836604595184326,0.07780727744102478,-0.005776597186923027,0.006475706584751606,0.09828425893073565,0.11645039015767843,-0.03776193873559779
0.5595138072967529,0.01783834397792816,0.004523724317550659,0.01732414960861206,0.07192512601613998,-0.0033825929276645184,0.004193111322820187,0.09916863811299238,0.11671138731139867,-0.03782590776007263
0.5698609352111816,0.015636630356311798,0.0012282729148864746,0.015318572521209717,0.05098921060562134,-0.0056079295463860035,-0.000703643134329468,0.09985915912609765,0.11697101437202666,-0.037910770807281745
0.579542875289917,0.008265011012554169,-0.0027653276920318604,0.020757317543029785,0.026009276509284973,-0.0056771282106637955,-0.005621382966637611,0.1002467655490612,0.11723973812704248,-0.03802170523195974
0.5896589756011963,0.0027691349387168884,-0.003996022045612335,0.026580631732940674,0.02316821739077568,-0.0006863637827336788,-0.010917345061898232,0.10046676198863007,0.11749217745456773,-0.038159858797026186
0.5994970798492432,-4.3526291847229004e-05,-0.0022956356406211853,0.02697700262069702,0.028280220925807953,-0.005759952589869499,-0.019589556381106377,0.10070348805374423,0.11768540972834976,-0.038366618616900196
0.6097080707550049,-0.005742788314819336,0.004107557237148285,0.027599573135375977,0.042431727051734924,-0.001485578715801239,-0.02280638925731182,0.101050720461007,0.11780550809670363,-0.03863046410232986
0.6197719573974609,-0.009307876229286194,0.007994137704372406,0.025708138942718506,0.04817857965826988,0.004753896966576576,-0.0301011074334383,0.10149106620998147,0.11794426082430601,-0.03896064495082151
0.6294739246368408,-0.011964574456214905,0.008122175931930542,0.020185351371765137,0.036988772451877594,0.008370470255613327,-0.03885491564869881,0.10186517239405643,0.11813582611312955,-0.03936795855126555
0.6396191120147705,-0.017301246523857117,0.005530357360839844,0.020822525024414062,0.013868208043277264,0.019918913021683693,-0.0427803099155426,0.10205142330069442,0.11839673155753862,-0.0398149834908074
0.6495888233184814,-0.019436001777648926,-0.0014296472072601318,0.02302229404449463,0.0025055650621652603,0.030507110059261322,-0.05209631472826004,0.10204941586314685,0.11876594501948247,-0.04030400499992351
0.6596219539642334,-0.022298865020275116,-0.00413166731595993,0.02485591173171997,0.004235371481627226,0.025238975882530212,-0.05577653646469116,0.1020328612767527,0.1191460771870405,-0.040848988436125604
0.6699309349060059,-0.02202562242746353,0.00022005289793014526,0.02689749002456665,0.003149600699543953,0.019309181720018387,-0.06277905404567719,0.1020205012920028,0.1194408777460092,-0.041445205446093175
0.6796989440917969,-0.016962930560112,0.005147404968738556,0.02645587921142578,0.008920370601117611,0.016789032146334648,-0.06399030983448029,0.10201925268279773,0.11969130547625027,-0.04209917840069626
0.6896939277648926,-0.015189900994300842,0.002753309905529022,0.01916903257369995,0.007523275911808014,0.013047024607658386,-0.06398791074752808,0.10202080047715223,0.11988911930421597,-0.04274449438121832
0.6997220516204834,-0.015110567212104797,0.0052345916628837585,0.014427661895751953,-0.0021048495545983315,0.00849568285048008,-0.059057869017124176,0.1019535095276147,0.12003970488285667,-0.04335084618928573
0.7096569538116455,-0.014281615614891052,0.002337329089641571,0.01134490966796875,-0.026887428015470505,0.002768821083009243,-0.04908166825771332,0.10172534941758839,0.12010910371821716,-0.043868095153039126
0.7200767993927002,-0.01092897355556488,0.0010215416550636292,0.007797718048095703,-0.05836104601621628,-0.008041171357035637,-0.04073446989059448,0.10124634314983424,0.12006121742322447,-0.044261328490526955
0.7296829223632812,-0.007203705608844757,-0.002838604152202606,0.005093276500701904,-0.09675318002700806,-0.02123899944126606,-0.03007303550839424,0.10044915196596366,0.11986396555424024,-0.04451226272516797
0.7401928901672363,-0.005481794476509094,-0.007456786930561066,0.0021608471870422363,-0.12842264771461487,-0.030044252052903175,-0.021478110924363136,0.09931961081942133,0.11954380093705216,-0.044630985004579155
0.7496988773345947,-0.003116704523563385,-0.00428762286901474,0.0007203817367553711,-0.1490432322025299,-0.04853351414203644,-0.009590557776391506,0.0979349228610758,0.11906410151165463,-0.04461449396648114
0.7598779201507568,-0.0012830421328544617,0.0006270036101341248,0.0013093948364257812,-0.15984342992305756,-0.06288346648216248,-0.0002445672871544957,0.09640311714142154,0.11842605306332477,-0.04447472032612441
0.770280122756958,-0.001901000738143921,0.0014629587531089783,0.0025897622108459473,-0.1694457232952118,-0.07206152379512787,0.005417846143245697,0.09479030535401396,0.11765903700199991,-0.044255124248765126
0.779865026473999,-0.00498276948928833,-0.0005577057600021362,0.0011205673217773438,-0.15419307351112366,-0.06480671465396881,0.019517632201313972,0.09320513713615426,0.11686929446712267,-0.043936101106533926
0.7899799346923828,-0.010621227324008942,0.0019094720482826233,-0.0027077794075012207,-0.1409824639558792,-0.06750556081533432,0.027609115466475487,0.09182119082085802,0.11610631257636525,-0.04351322448293258
0.7997620105743408,-0.013274438679218292,0.010933570563793182,-0.009996950626373291,-0.12470706552267075,-0.078456349670887,0.033457040786743164,0.09061689019223806,0.11528953504181032,-0.04304706831546095
0.8099977970123291,-0.009219422936439514,0.0106353759765625,-0.011077821254730225,-0.12982593476772308,-0.08840565383434296,0.033759310841560364,0.0895207977872181,0.11438747965732163,-0.04255626089549395
0.820173978805542,-0.009882308542728424,0.005322933197021484,-0.0064858198165893555,-0.15315277874469757,-0.09095132350921631,0.036750733852386475,0.08832349851451579,0.1134415186599023,-0.04205675816703103
0.8298389911651611,-0.016288742423057556,-0.0018221735954284668,-0.001493215560913086,-0.17876705527305603,-0.0861552357673645,0.040834423154592514,0.08683368688065164,0.1125302731301034,-0.0414825794993134
0.8399369716644287,-0.019056126475334167,-0.009948372840881348,0.00020992755889892578,-0.20098848640918732,-0.09607236087322235,0.03730536252260208,0.08506387592046256,0.11160940675193383,-0.04086992075154555
0.8498549461364746,-0.020377203822135925,-0.009537898004055023,-0.0001996159553527832,-0.21716292202472687,-0.10659237951040268,0.03109007701277733,0.08310230358463228,0.1105829570599592,-0.04030255749558489
0.8599178791046143,-0.013234473764896393,-0.009688980877399445,-0.0008115768432617188,-0.2521940767765045,-0.11401677876710892,0.03178985044360161,0.08091444313374012,0.10943700251948027,-0.039735678910329336
0.8704240322113037,-0.010811932384967804,-0.01316099613904953,-0.0010153651237487793,-0.3275463581085205,-0.10255853086709976,0.026641428470611572,0.07815085968190284,0.10826170742991327,-0.03912058446491843
0.8799240589141846,-0.014105468988418579,-0.024863742291927338,-0.0003387928009033203,-0.40048128366470337,-0.08673536032438278,0.0269804485142231,0.07455531622772538,0.10719826874800598,-0.0384509450314027
0.8899669647216797,-0.015361182391643524,-0.039973773062229156,0.0011112093925476074,-0.45701512694358826,-0.07422302663326263,0.024000104516744614,0.07032896409612595,0.1063236661867316,-0.037734079094793045
0.9000020027160645,-0.01469297707080841,-0.04079057276248932,0.005136370658874512,-0.47658771276474,-0.07497364282608032,0.02295183204114437,0.06577848419389035,0.10550950252350055,-0.037007945776325255
0.910963773727417,-0.013087339699268341,-0.02818683162331581,0.007237851619720459,-0.44694140553474426,-0.09350045770406723,0.02818947099149227,0.06139032962760198,0.10455408951908489,-0.036250859467840735
0.9207088947296143,-0.004622370004653931,-0.011514239013195038,0.003302156925201416,-0.43366023898124695,-0.11319892853498459,0.029970165342092514,0.057059231113400416,0.10347053309856921,-0.03550556704780569
0.929940938949585,-0.001508764922618866,-0.002802174538373947,0.007691323757171631,-0.4554811120033264,-0.11543039232492447,0.02621937170624733,0.052687927043186686,0.10227732798038988,-0.034766430923092596
0.9400269985198975,-0.007485583424568176,-0.0140656977891922,0.019847333431243896,-0.4563029110431671,-0.11082573980093002,0.018329383805394173,0.0481783103605284,0.1010976263724792,-0.03410048941728514
0.949894905090332,-0.017024904489517212,-0.026524897664785385,0.033493995666503906,-0.48495346307754517,-0.11361566185951233,0.03740667179226875,0.0435419964471528,0.09995803896170755,-0.03332412279734931
0.960136890411377,-0.020601890981197357,-0.016472183167934418,0.032338619232177734,-0.5757201313972473,-0.11147653311491013,0.0031741855200380087,0.038331546488200086,0.09882286494987602,-0.03258559958434968
0.9707968235015869,-0.0065324753522872925,-0.03130611404776573,0.03765714168548584,-0.7360267043113708,-0.11582627147436142,-0.027679601684212685,0.03180963682605866,0.09763349184895677,-0.03207306185065848
0.9801700115203857,-0.01030111312866211,-0.058410994708538055,0.05456727743148804,-0.9222488403320312,-0.07887238264083862,-0.04541018232703209,0.023530906411671517,0.09664464282388242,-0.03163792141760113
0.9907658100128174,-0.022950492799282074,-0.06723274290561676,0.06945514678955078,-1.1178972721099854,-0.06402099877595901,-0.04824378713965416,0.013257788234627282,0.09595159370117293,-0.031118623149937123
1.0000178813934326,-0.022641770541667938,-0.06213037669658661,0.08675813674926758,-1.2546669244766235,-0.07085328549146652,-0.07072001695632935,0.0013614820875369794,0.09526519817626128,-0.03055291394304503
1.0100109577178955,-0.019565805792808533,-0.07417121529579163,0.09030377864837646,-1.3428583145141602,-0.09249227494001389,-0.10373761504888535,-0.011701966124687537,0.09449621855139465,-0.03019265879164382
1.020920991897583,-0.020031660795211792,-0.0821111798286438,0.07473284006118774,-1.388702154159546,-0.14094698429107666,-0.13380199670791626,-0.025473275029480713,0.09331744567938884,-0.030092492266271392
1.0301949977874756,-0.009287700057029724,-0.053720053285360336,0.07259845733642578,-1.4346197843551636,-0.19385334849357605,-0.1483018398284912,-0.03964654053361334,0.09162586808064069,-0.030209016715315094
1.0402500629425049,0.00011751800775527954,-0.03675641119480133,0.09016233682632446,-1.5751467943191528,-0.218498095870018,-0.16178728640079498,-0.054666899463622125,0.08955228817595698,-0.030397039383592908
1.0502288341522217,-0.013239473104476929,-0.0398307666182518,0.09523653984069824,-1.755949854850769,-0.20985214412212372,-0.18093781173229218,-0.07146197097174734,0.08736482807194623,-0.0306768476857752
1.0601739883422852,-0.03009023517370224,-0.07557307928800583,0.09532493352890015,-1.9036141633987427,-0.20110587775707245,-0.1670444756746292,-0.08983873930695295,0.08533183000630117,-0.03081170308771617
1.0703418254852295,-0.03398984670639038,-0.10657797753810883,0.07645517587661743,-2.1617064476013184,-0.20991162955760956,-0.21405965089797974,-0.11026498883368133,0.08322050340593634,-0.030982828858365452
1.080207109451294,-0.038688406348228455,-0.09184511005878448,0.08528566360473633,-2.3794753551483154,-0.19524674117565155,-0.20626665651798248,-0.13311615465640728,0.08118204125013481,-0.03126805241751059
1.090203046798706,-0.029426857829093933,-0.12052763998508453,0.10017216205596924,-2.587357997894287,-0.1877792328596115,-0.1869310438632965,-0.15806547655951406,0.07924857414908354,-0.031198185879651143
1.1001579761505127,-0.028275221586227417,-0.1341366171836853,0.10897248983383179,-2.818648099899292,-0.19152653217315674,-0.20812325179576874,-0.18519644646545946,0.07737318634729347,-0.031029967440816073
1.1102287769317627,-0.04018145799636841,-0.11349770426750183,0.10202813148498535,-2.9571046829223633,-0.13354791700839996,-0.18733727931976318,-0.21426983055646223,0.07578361423790607,-0.03082386118394396
1.120478868484497,-0.034021005034446716,-0.10961657762527466,0.06297516822814941,-3.042356014251709,-0.13877007365226746,-0.14668503403663635,-0.2443498087166494,0.07465118624804173,-0.030177014948670103
1.130072832107544,-0.020021796226501465,-0.09462949633598328,0.03420686721801758,-3.116548538208008,-0.26750487089157104,-0.15583884716033936,-0.2751987151933942,0.07282723438404225,-0.029388413142752166
1.140289068222046,0.003087051212787628,-0.06280055642127991,0.05414557456970215,-3.186067581176758,-0.38083183765411377,-0.10420724004507065,-0.306915124720269,0.0697772043775654,-0.02840419648911336
1.1502478122711182,0.04021042212843895,-0.04136115312576294,0.011273562908172607,-3.1838126182556152,-0.48572254180908203,-0.08308783918619156,-0.3386930344975374,0.06587167248243407,-0.02706828321955728
1.1602280139923096,0.05111099034547806,0.003998488187789917,-0.0675734281539917,-3.450244426727295,-0.47625041007995605,-0.0774136558175087,-0.3716227951496914,0.06163813857420179,-0.02566903835062787
1.1705379486083984,0.009462442249059677,0.008852064609527588,-0.010149180889129639,-3.7292633056640625,-0.4273025691509247,-0.1259031593799591,-0.4077650995596767,0.05760698311664907,-0.024392210571964563
1.1802599430084229,0.0016323253512382507,-0.1351328194141388,0.0488772988319397,-3.730504274368286,-0.5002391934394836,-0.1273999661207199,-0.4452463741355198,0.05340174883249214,-0.023521521174049712
1.1903150081634521,-0.004495017230510712,-0.09828215837478638,0.07278996706008911,-3.5946061611175537,-0.6479615569114685,-0.1772087961435318,-0.48195958870725997,0.04779771161445623,-0.023110127559243965
1.2002627849578857,-0.00469130277633667,0.13811272382736206,0.05785942077636719,-3.578416585922241,-0.7069323062896729,-0.20466049015522003,-0.5177878039311292,0.04081282076546401,-0.02350297533981978
1.2103469371795654,0.015529297292232513,0.09662294387817383,0.0450211763381958,-3.6895182132720947,-0.7556045055389404,-0.22695328295230865,-0.5542274160329764,0.03294002750346722,-0.024476305411580003
1.2205588817596436,0.01263156346976757,-0.004882752895355225,0.020444273948669434,-3.6983466148376465,-0.7141322493553162,-0.2125426083803177,-0.5913653327895634,0.024892554814690396,-0.025836071917206098
1.2303979396820068,0.018499426543712616,-0.001851499080657959,-0.048922836780548096,-3.5652694702148438,-0.7486460208892822,-0.2384868562221527,-0.627870488910696,0.01647275467240759,-0.027656223523607307
1.2404530048370361,0.030376236885786057,0.07943719625473022,-0.09564536809921265,-3.3955624103546143,-0.744928777217865,-0.2355385720729828,-0.6626251513299722,0.00757288731169068,-0.03010835973699078
1.2503540515899658,0.037479501217603683,0.09329015016555786,-0.13414615392684937,-3.373462677001953,-0.7675379514694214,-0.22680580615997314,-0.6964875897673893,-0.0018151527379147868,-0.03297333367344725
1.2603790760040283,0.019489414989948273,0.04052460193634033,-0.16233676671981812,-3.636329412460327,-0.7366408109664917,-0.2583104074001312,-0.731356461156972,-0.011670940867667266,-0.03641886646800892
1.2706120014190674,0.010034067556262016,-0.06420630216598511,-0.14128315448760986,-3.852073907852173,-0.5580159425735474,-0.2707878351211548,-0.7689356905587436,-0.021267891020605962,-0.04100077447948609
1.2803218364715576,-0.02215319685637951,-0.08947896957397461,-0.10637950897216797,-3.872696876525879,-0.5298775434494019,-0.28719598054885864,-0.8075512398503399,-0.03027109293943875,-0.046233996232114785
1.290463924407959,-0.03335772454738617,-0.018078923225402832,-0.0719723105430603,-3.8509747982025146,-0.5393538475036621,-0.3460257351398468,-0.8461451431417378,-0.040659839045700974,-0.05301915896704861
1.3005058765411377,-0.01577967405319214,0.04842501878738403,0.010529875755310059,-3.8374037742614746,-0.604631245136261,-0.35925614833831787,-0.884497085443642,-0.05270738281679143,-0.061332253536867706
1.3110859394073486,-0.025983527302742004,0.07617843151092529,0.036904335021972656,-3.622678756713867,-0.6213798522949219,-0.2989616394042969,-0.9216646242214835,-0.06575635375716965,-0.07011787798022105
1.3207738399505615,-0.025490913540124893,0.03019922971725464,0.013515055179595947,-3.2891294956207275,-0.6524981260299683,-0.3587154448032379,-0.955949725697723,-0.07990395413295558,-0.07986446713757515
1.3304698467254639,0.010530378669500351,0.008827626705169678,-0.035777926445007324,-2.900186538696289,-0.6594428420066833,-0.3527126610279083,-0.9865515464973332,-0.09570171278866603,-0.09105935942159185
1.3410098552703857,0.019273217767477036,0.11149442195892334,-0.07826000452041626,-2.688192367553711,-0.6700966954231262,-0.35505059361457825,-1.0138889081568085,-0.11245081805590715,-0.10293536916184068
1.3508050441741943,0.014324389398097992,0.12233662605285645,-0.10833263397216797,-2.6610665321350098,-0.5981785655021667,-0.37981319427490234,-1.039940347390622,-0.13017097852432694,-0.1161775336478975
1.3605268001556396,-0.005709931254386902,0.0013121962547302246,-0.08554396033287048,-2.7432847023010254,-0.5436609983444214,-0.41045233607292175,-1.0660980517732705,-0.14933525911121523,-0.13173378430157867
1.3707010746002197,-0.03649081289768219,-0.05915045738220215,-0.028813809156417847,-2.9353439807891846,-0.591576874256134,-0.4553220570087433,-1.0934259307286425,-0.1714633212906294,-0.1503772262284402
1.380518913269043,-0.019852161407470703,-0.03411608934402466,0.01561090350151062,-3.3246753215789795,-0.5420340895652771,-0.5297145247459412,-1.1231568422958957,-0.19839623184503336,-0.17410376236629957
1.3905479907989502,0.007466219365596771,-0.09097224473953247,0.02282455563545227,-3.738431453704834,-0.4788910746574402,-0.5573887825012207,-1.1566633753907933,-0.2316829745177778,-0.20508404351205078
1.4005000591278076,-0.022312819957733154,-0.10600221157073975,0.03496736288070679,-3.8693556785583496,-0.4599142074584961,-0.5470753312110901,-1.1923623086768145,-0.2717681918511811,-0.24354020080244665
1.410494089126587,-0.02860759198665619,-0.05848824977874756,0.029701173305511475,-3.6378719806671143,-0.46085911989212036,-0.547162652015686,-1.2269605093514944,-0.31960357604047507,-0.28972949738514914
1.4206879138946533,0.001713775098323822,-0.007401227951049805,0.0008725821971893311,-3.0945804119110107,-0.41472867131233215,-0.5080116391181946,-1.2569636153519994,-0.3721920134805773,-0.3406314624167628
1.4307079315185547,0.026569902896881104,0.0764886736869812,-0.0701708197593689,-2.4578497409820557,-0.3777858316898346,-0.44714030623435974,-1.2807836406427857,-0.4250582255174689,-0.391814514331185
1.4409539699554443,0.022096820175647736,0.15029048919677734,-0.11709785461425781,-2.084005355834961,-0.35947057604789734,-0.47017696499824524,-1.2990212460319441,-0.4767494450508532,-0.44178016498029526
1.450448989868164,0.009194225072860718,0.0986517071723938,-0.09672564268112183,-2.0276081562042236,-0.2569814920425415,-0.469784677028656,-1.3145877834726185,-0.5319390162910415,-0.4957007747290269
1.4605889320373535,-0.006047368049621582,0.002585887908935547,-0.03152856230735779,-2.148165702819824,-0.22262564301490784,-0.4210461676120758,-1.3298299236666693,-0.5927291420915545,-0.5560349702792439
1.4707469940185547,7.078051567077637e-06,-0.01845085620880127,0.018616437911987305,-2.2432031631469727,-0.21479114890098572,-0.4119831621646881,-1.3451875726827527,-0.6632793878044768,-0.6262885061732265
1.4805569648742676,0.016321957111358643,-0.040103793144226074,0.04609555006027222,-2.2659335136413574,-0.1582261323928833,-0.43451619148254395,-1.3597016894777412,-0.7459820264678947,-0.7091009556787307
1.4905529022216797,0.0032172948122024536,-0.05189967155456543,0.027319863438606262,-2.0914359092712402,-0.12776625156402588,-0.40313562750816345,-1.3721562206357785,-0.8368387873194834,-0.8004592381295699
1.5005419254302979,-0.003247886896133423,0.01855248212814331,0.005899608135223389,-1.775414228439331,-0.11157555133104324,-0.3771460950374603,-1.3814853442964985,-0.9268875440541731,-0.8909907091494338
1.5105998516082764,0.008957937359809875,0.04958951473236084,-0.0048557668924331665,-1.349838376045227,-0.07636377215385437,-0.305478036403656,-1.387579876928578,-1.0068089846504753,-0.9714053433671093
1.5209028720855713,0.015200763940811157,0.07441771030426025,-0.02158409357070923,-0.992017924785614,-0.09038220345973969,-0.2890971302986145,-1.3909479263936027,-1.0702989704978039,-1.0350941115197039
1.530747890472412,0.023854121565818787,0.0962943434715271,-0.047869086265563965,-0.8842269778251648,-0.030950305983424187,-0.2565453350543976,-1.3926870723294855,-1.1232334280592677,-1.0882248495776157
1.540893793106079,0.0286368727684021,0.04958903789520264,-0.053364865481853485,-0.9372406601905823,0.0023752059787511826,-0.20482689142227173,-1.394320206463714,-1.1749253252862966,-1.1406108798037864
1.5511291027069092,0.029577746987342834,0.026074528694152832,-0.02694302424788475,-1.0402641296386719,0.04345100373029709,-0.1863863617181778,-1.396071303394209,-1.2307972179168911,-1.1975719239477272
1.5617918968200684,0.023380368947982788,-0.00634157657623291,0.0012403056025505066,-1.0641508102416992,0.0726972222328186,-0.17155799269676208,-1.397608091984254,-1.290677870635806,-1.2589903638297022
1.571051836013794,0.019175633788108826,-0.026657044887542725,-0.013363659381866455,-0.9519102573394775,0.08747350424528122,-0.16208912432193756,-1.3985303773848368,-1.3490042457741247,-1.3190078801938403
1.5807487964630127,0.02417789399623871,-0.0014056563377380371,-0.024477124214172363,-0.7785667777061462,0.08541518449783325,-0.1779308319091797,-1.3985414239687919,-1.3988609157389176,-1.3704944605019644
1.5907859802246094,0.019764184951782227,0.02735269069671631,-0.004857243970036507,-0.6554065346717834,0.08556298911571503,-0.15133064985275269,-1.3979459419475437,-1.4399467559228667,-1.413079676339672
1.6008219718933105,0.014209985733032227,0.03226971626281738,0.013196585699915886,-0.5877578854560852,0.05898752808570862,-0.12194650620222092,-1.397304679458584,-1.4751093850982502,-1.4495261007110343
1.6108629703521729,0.033007487654685974,0.03885161876678467,0.019282996654510498,-0.6524324417114258,0.06783242523670197,-0.14303261041641235,-1.3964799796852696,-1.509900026759518,-1.4854528628060122
1.620940923690796,0.031827762722969055,-0.001177370548248291,0.006631672848016024,-0.7340378165245056,0.0706564411520958,-0.15017248690128326,-1.3952812938730073,-1.5490691064623576,-1.5259442900938707
1.6308059692382812,0.019840195775032043,-0.03356558084487915,0.002096533542498946,-0.7172226309776306,0.04945288226008415,-0.1557358354330063,-1.3937668582598912,-1.5895643073480665,-1.5677115142742117
1.6409289836883545,0.029524177312850952,-0.0032806992530822754,0.0027004480361938477,-0.6441594362258911,-0.0007224050350487232,-0.17228162288665771,-1.3918924360497045,-1.6268203892671746,-1.6058179411450229
1.6508238315582275,0.030865848064422607,0.01935058832168579,0.0057430267333984375,-0.6814439296722412,-0.0010331962257623672,-0.20950382947921753,-1.3894934565281507,-1.6619467381836426,-1.6414821674317015
1.661268949508667,0.024659499526023865,-0.01398688554763794,-0.017841096967458725,-0.7489975094795227,-0.010722929611802101,-0.2246227115392685,-1.3865393944506166,-1.6994251565156817,-1.6795585210846833
1.6709568500518799,0.018992990255355835,-0.025328516960144043,-0.02645409107208252,-0.7081409096717834,-0.037342559546232224,-0.21122993528842926,-1.3832599436377109,-1.7371882602020565,-1.7178034300158298
1.6808240413665771,0.021455049514770508,-0.010156452655792236,-0.03329349309206009,-0.6481168270111084,-0.020128283649683,-0.24607153236865997,-1.3796660723384098,-1.7701846761128892,-1.7510658977128557
1.6908957958221436,0.022772952914237976,-0.019785940647125244,-0.07755899429321289,-0.4314012825489044,-0.025144614279270172,-0.20556458830833435,-1.3763285097087787,-1.7950169601926387,-1.7761133476796047
1.7010829448699951,0.02801777422428131,0.023176193237304688,-0.09010708332061768,-0.13686884939670563,-0.022426102310419083,-0.1632833480834961,-1.3739290300528624,-1.8075226994871354,-1.7886365755644076
1.7110188007354736,0.031031489372253418,0.08409702777862549,-0.09185779094696045,0.10362577438354492,0.03450082987546921,-0.14039240777492523,-1.3723356707914005,-1.806544606096229,-1.7876749591401395
1.7209079265594482,0.005854576826095581,0.04596138000488281,-0.09240126609802246,0.19272994995117188,0.06640372425317764,-0.1464776247739792,-1.3712749325134612,-1.7968729285205558,-1.7783617185992506
1.730928897857666,-0.0017930567264556885,0.007978975772857666,-0.04368603974580765,0.19998200237751007,0.03557603806257248,-0.1376018524169922,-1.3703694827376425,-1.7848849419506125,-1.7665969355953506
1.7410070896148682,0.017736762762069702,0.004256188869476318,0.0385441780090332,0.11580337584018707,0.05567207187414169,-0.11334161460399628,-1.3694505557015015,-1.7756351609293994,-1.7576524143675323
1.751006841659546,0.014929354190826416,-0.02493584156036377,0.07141685485839844,0.07582373172044754,0.05299639329314232,-0.11234453320503235,-1.3685463463652647,-1.7694982247558728,-1.7519297294422687
1.7611339092254639,0.0027751773595809937,-0.04582494497299194,0.05741751566529274,0.0815676599740982,0.05017579719424248,-0.0794384554028511,-1.3677127808294636,-1.7644754992200333,-1.7473377856320027
1.7709858417510986,0.0012034028768539429,-0.03625833988189697,0.03326570987701416,0.11229228228330612,0.044854000210762024,-0.05282681807875633,-1.3672618345540557,-1.7586518194497578,-1.7418630845133483
1.781045913696289,0.011152595281600952,-0.022023141384124756,0.0164492130279541,0.1642560213804245,0.04465963691473007,-0.00808832235634327,-1.3671924937349405,-1.7513785542317717,-1.7349106080057495
1.7910478115081787,0.011519074440002441,-0.02552694082260132,0.014554262161254883,0.2149122804403305,0.04343298450112343,0.02113960310816765,-1.3676174977929456,-1.741938121341158,-1.7256916293272286
1.801180124282837,0.006431490182876587,-0.027856826782226562,0.012894153594970703,0.27826452255249023,0.061112601310014725,0.054474975913763046,-1.3683517949766855,-1.7299223581479406,-1.713970988058927
1.8110721111297607,0.0033786147832870483,-0.022524356842041016,0.004895446822047234,0.3081505298614502,0.057629186660051346,0.08552344143390656,-1.3695335464016511,-1.715346160679258,-1.6997032368448863
1.8211348056793213,0.011510834097862244,0.009701013565063477,0.00045883283019065857,0.2092036008834839,0.0672038272023201,0.0729118287563324,-1.3706875068399291,-1.7023593676054307,-1.6870802863933247
1.8310368061065674,0.008920758962631226,-0.028368115425109863,0.020547032356262207,0.09598809480667114,0.06374411284923553,0.07289372384548187,-1.3716035450826252,-1.6947566362379065,-1.6800162738709223
1.8410890102386475,-0.002142086625099182,-0.06144458055496216,0.05343294143676758,0.024857008829712868,0.04082472622394562,0.053922638297080994,-1.3722751297461677,-1.6923500677550234,-1.6780606566867564
1.8511497974395752,-0.004680141806602478,-0.043890535831451416,0.05718529596924782,-0.05138103663921356,0.025328591465950012,0.04813452437520027,-1.3727078586987156,-1.6934787990224363,-1.6795265532652255
1.8624041080474854,-0.00024840235710144043,-0.0284004807472229,0.0397953987121582,-0.12824338674545288,0.013771627098321915,0.02987903356552124,-1.3730056683117768,-1.698175401523638,-1.6844942251168917
1.8733618259429932,0.003298461437225342,-0.02711665630340576,0.019979000091552734,-0.19017253816127777,0.01788860745728016,0.013349590823054314,-1.3729950707471796,-1.706603027458978,-1.6932218577940297
1.8811149597167969,0.0009905695915222168,-0.029586493968963623,-0.004975080490112305,-0.19534285366535187,0.03452825918793678,-0.0050689904019236565,-1.372751714641791,-1.7164156982873726,-1.7034881024490636
1.8912088871002197,0.0008344203233718872,-0.016662240028381348,-0.019660355523228645,-0.16765423119068146,0.039652980864048004,-0.020984573289752007,-1.372286172586427,-1.7251077855486472,-1.7127242369160798
1.90122389793396,-0.005871295928955078,-0.0028007030487060547,-0.009295705705881119,-0.05453198775649071,0.04629557207226753,-0.004828453529626131,-1.3720208467245718,-1.7302026719429788,-1.718358875337457
1.9112129211425781,-0.0059370845556259155,0.02097940444946289,0.0035190582275390625,0.07227921485900879,0.03888585790991783,0.004797542467713356,-1.3720636246892128,-1.7295453255188047,-1.7181272268457388
1.9212100505828857,-0.005264610052108765,0.039356112480163574,0.004881618544459343,0.12060175836086273,0.03923157975077629,0.0004979751538485289,-1.3721147431287295,-1.7254147302671632,-1.71424373957436
1.9311678409576416,-0.012240752577781677,0.015568137168884277,0.02006673812866211,0.1390896886587143,0.0403093621134758,0.020212290808558464,-1.3722672805546587,-1.7205880360600831,-1.7096798057781455
1.9411289691925049,-0.014760643243789673,-0.0006175637245178223,0.025852922350168228,0.16251929104328156,0.04469354823231697,0.026993125677108765,-1.372635259898928,-1.7141100942084577,-1.7034364145988594
1.9527738094329834,-0.01064920425415039,-0.000261843204498291,0.015976307913661003,0.19590626657009125,0.054217010736465454,0.042437594383955,-1.3732311093984915,-1.705455816019466,-1.6951011859422898
1.9613769054412842,-0.014288574457168579,-0.012508392333984375,0.0017484389245510101,0.17513807117938995,0.0451788604259491,0.03647339344024658,-1.3738218389525332,-1.6957482145378864,-1.6857166754652848
1.9714858531951904,-0.015200331807136536,-0.023842036724090576,0.010357139632105827,0.1259353756904602,0.05121970921754837,0.04717796668410301,-1.3744281384428345,-1.6873714373649218,-1.677696232237063
1.9815948009490967,-0.009780079126358032,-0.019401252269744873,0.012123823165893555,0.058788761496543884,0.05792706087231636,0.05366223305463791,-1.3749742361165351,-1.682501005763172,-1.6732976818511793
1.992588996887207,-0.009701788425445557,-0.021383702754974365,0.004976274445652962,-0.0003469965886324644,0.04896659031510353,0.0545772947371006,-1.3755183867502363,-1.681181558985055,-1.6724851656427417
2.0028178691864014,-0.009737968444824219,-0.019132614135742188,0.001230122521519661,-0.05566078796982765,0.04255085438489914,0.056824471801519394,-1.376028080606415,-1.683173944986238,-1.6749651233482232
2.011305093765259,-0.008954808115959167,-0.015603125095367432,0.002233266830444336,-0.07921911031007767,0.022793661803007126,0.048587046563625336,-1.3763183861979593,-1.6880506201674386,-1.6802164041424528
2.021232843399048,-0.007628247141838074,-0.007927894592285156,0.005954384803771973,-0.087489053606987,0.010457456111907959,0.04892154037952423,-1.3764764973898092,-1.693966112071424,-1.686345223540095
2.0313119888305664,-0.005512118339538574,-0.004663288593292236,-0.0029383841902017593,-0.05995356664061546,0.0073247794061899185,0.049371346831321716,-1.3767185043303563,-1.698966409004957,-1.6914900794301275
2.041465997695923,-0.003375634551048279,-0.0014546513557434082,-0.023424148559570312,-0.011541826650500298,0.014140874147415161,0.044914014637470245,-1.37693288158945,-1.7009888215442572,-1.693665127679993
2.054252862930298,-0.005914703011512756,0.004374980926513672,-0.03563212975859642,0.03789975866675377,0.017428014427423477,0.041297174990177155,-1.377167196044143,-1.7006697499489167,-1.69348619384012
2.061495065689087,-0.004929989576339722,0.010663747787475586,-0.02201974391937256,0.05223894864320755,0.0267070010304451,0.0420432910323143,-1.377472690749129,-1.6987840388478581,-1.691778178814775
2.0714259147644043,-0.0045282840728759766,0.012714087963104248,-0.004707694053649902,0.02118462696671486,0.034816060215234756,0.017466038465499878,-1.3776817505082346,-1.6964716788261727,-1.6897438234942403
2.0813100337982178,-0.005030930042266846,0.002815425395965576,0.006092069670557976,-0.03480643779039383,0.04702478647232056,0.017665032297372818,-1.3776592093179953,-1.696716113499379,-1.6904185234379558
2.0914340019226074,-0.006545960903167725,-0.013344049453735352,0.01915622130036354,0.033105235546827316,0.03777323290705681,0.021336199715733528,-1.3777416338229858,-1.6967552989914436,-1.6909113428159837
2.102834939956665,-0.0003097355365753174,0.006722450256347656,0.018395423889160156,0.13082504272460938,0.02587471716105938,0.015536419115960598,-1.3778941316858089,-1.6925919855693758,-1.6869692420780453
2.1117029190063477,0.002279415726661682,0.02083832025527954,0.014395356178283691,0.18761615455150604,0.011147170327603817,0.035836633294820786,-1.3782844857540049,-1.6840152388305025,-1.6784320302510387
2.121504068374634,0.003294035792350769,0.018188416957855225,0.014410138130187988,0.13933376967906952,0.008448278531432152,0.005297151394188404,-1.378656914504326,-1.6741880282266288,-1.6685350280070776
2.1314239501953125,0.005019068717956543,-0.010182082653045654,0.017268061637878418,0.04058189317584038,0.02511380799114704,0.02328360825777054,-1.37883988675659,-1.6679917897056378,-1.6624633642193893
2.1414787769317627,0.00031703710556030273,-0.0329974889755249,0.015695929527282715,-0.028449270874261856,0.038232095539569855,0.026869075372815132,-1.379098399183766,-1.66683631912203,-1.661640186093708
2.152747869491577,0.005295857787132263,-0.02400946617126465,-0.00685715489089489,-0.018203292042016983,0.04071921855211258,0.033983711153268814,-1.3793361985509194,-1.668085814633381,-1.6633280219138158
2.1615099906921387,0.006291210651397705,-0.022621095180511475,0.004704473540186882,0.05863702669739723,0.03135252743959427,0.03667952120304108,-1.3796574199425498,-1.667384419797601,-1.6629638902470802
2.17159104347229,0.00568293035030365,-0.0011372566223144531,0.011831402778625488,0.10211845487356186,0.03402447700500488,0.03928568959236145,-1.37998213605957,-1.6640659183806787,-1.659877367413354
2.1814939975738525,0.007751196622848511,0.01504373550415039,0.001901267096400261,0.07389719039201736,0.046953994780778885,0.03622635826468468,-1.3804298070837273,-1.6602979684642996,-1.6564227250867491
2.1915338039398193,0.007800847291946411,-0.0030395984649658203,0.008520364761352539,0.050927162170410156,0.04491933807730675,0.034414343535900116,-1.3808425250225098,-1.6578302731879038,-1.6543530205121284
2.2028439044952393,0.005970090627670288,-0.013390779495239258,0.025811314582824707,0.08653184026479721,0.02855425700545311,0.033861417323350906,-1.381277348071361,-1.6550869457506576,-1.65190961062285
2.2117397785186768,0.010638788342475891,0.0010890960693359375,0.02432727813720703,0.14248299598693848,0.017324239015579224,0.030834734439849854,-1.3816861724953722,-1.649913184810804,-1.6468357437000891
2.2218477725982666,0.01181270182132721,0.008696556091308594,0.014248847961425781,0.1806216537952423,0.005005788058042526,0.033397868275642395,-1.3820469323535167,-1.6422742907276855,-1.639149847718885
2.23157000541687,0.011411875486373901,0.00848996639251709,0.011712312698364258,0.1544579565525055,0.0038278717547655106,0.019910288974642754,-1.382416598257799,-1.633203765409366,-1.629940760979247
2.2416739463806152,0.012788787484169006,-0.006436765193939209,0.005866884253919125,0.08711071312427521,0.01659258082509041,0.02604045905172825,-1.382680086083097,-1.6274121720547738,-1.6241419700608342
2.2528719902038574,0.00890854001045227,-0.018195509910583496,-0.0005881786346435547,0.06239551305770874,0.0144314244389534,0.03614449128508568,-1.3830581502606296,-1.6244987883516333,-1.621318205762018
2.2616899013519287,0.007813632488250732,-0.014497756958007812,0.002752901054918766,0.07359593361616135,0.01888742670416832,0.03705603629350662,-1.3835223401937848,-1.6212687402372348,-1.618175286677593
2.2716469764709473,0.005246296525001526,-0.014580309391021729,0.004499673843383789,0.08426801860332489,0.027841240167617798,0.03269697725772858,-1.3839655963279904,-1.617400181571315,-1.6144532461495327
2.2818620204925537,0.000749051570892334,-0.013114631175994873,-0.0007051229476928711,0.04464210197329521,0.0398273728787899,0.030312808230519295,-1.3842898554561311,-1.6153467116497435,-1.6126509783135654
2.291672945022583,0.003538459539413452,-0.010203838348388672,0.0017186403274536133,0.013312139548361301,0.034007832407951355,0.021998420357704163,-1.3846391143288015,-1.614864984006674,-1.6124909652603985
2.3039448261260986,0.006333634257316589,-0.012878477573394775,0.012461422942578793,-0.011243803426623344,0.026675263419747353,0.017514029517769814,-1.3849096748865015,-1.6155036916498298,-1.613419094756038
2.3117659091949463,0.0032467395067214966,-0.013185620307922363,0.021000146865844727,-0.01879306510090828,0.022229116410017014,0.018412847071886063,-1.3851681906351576,-1.6167573888333961,-1.6149305466502564
2.32169508934021,0.0050553083419799805,-0.00609511137008667,0.014750480651855469,-0.022132404148578644,0.014541990123689175,0.02512230910360813,-1.3854430345774826,-1.6181989758096156,-1.6165702701736109
2.3315589427948,0.005823597311973572,-0.005124449729919434,0.010989309288561344,-0.01620393991470337,0.00949263758957386,0.02486957423388958,-1.385724223300773,-1.6192237050738252,-1.6177333882582283
2.3417749404907227,0.003206104040145874,-0.008200228214263916,0.011823891662061214,-0.0063255103304982185,0.007429575081914663,0.031811367720365524,-1.3860200372471532,-1.6199917544874494,-1.6185967732106588
2.35321307182312,-0.001541435718536377,-0.010176539421081543,0.016506433486938477,0.017335079610347748,0.008148894645273685,0.040426962077617645,-1.3863956319932047,-1.6199344836013365,-1.61860705460973
2.3617630004882812,0.0001227259635925293,-0.003805398941040039,0.009478926658630371,0.016008256003260612,0.014666804112493992,0.023030662909150124,-1.386684299278324,-1.6188887196129524,-1.6176605842642005
2.37198805809021,-0.0014913678169250488,-0.010120928287506104,0.006424545310437679,0.036315660923719406,0.02431117556989193,0.022268464788794518,-1.3869250261714017,-1.617544959022589,-1.6164909966964847
2.381798028945923,-0.0051815807819366455,-0.014810264110565186,0.007107972167432308,0.055090297013521194,0.034996531903743744,-0.004595107398927212,-1.3870355393808218,-1.61524973708024,-1.6144181219561962
2.3918209075927734,-0.005914822220802307,-0.01260298490524292,0.006262063980102539,0.06608355790376663,0.053172074258327484,-0.009550717659294605,-1.3869810531107332,-1.612515847128788,-1.612061470181424
2.403646945953369,-0.006257697939872742,-0.012502491474151611,0.004363894462585449,0.09076166152954102,0.07115049660205841,-0.026830052956938744,-1.3868487778640395,-1.6082617705141993,-1.6083576287115868
2.411817789077759,-0.002022653818130493,-0.017047584056854248,-0.006549715995788574,0.10564207285642624,0.08741921186447144,-0.0532054677605629,-1.3865040992647477,-1.6025460648068477,-1.6033374611081528
2.4218509197235107,-0.002381756901741028,-0.02600187063217163,-0.020583748817443848,0.09830775856971741,0.10084838420152664,-0.07295519858598709,-1.3859077116244867,-1.5966104547871953,-1.59824505415896
2.431946039199829,-0.00027213990688323975,-0.02286630868911743,-0.02893245220184326,0.11239641159772873,0.10558374971151352,-0.08221607655286789,-1.3851216700380689,-1.59080916323892,-1.5933703566406634
2.442746877670288,0.009402021765708923,-0.007477521896362305,-0.03422725200653076,0.24231307208538055,0.12921229004859924,-0.060581889003515244,-1.3844195847999576,-1.5811813677855797,-1.5847369752249312
2.4540798664093018,0.016985073685646057,0.023541808128356934,-0.027842581272125244,0.485426664352417,0.1505330353975296,-0.0159105584025383,-1.384017402424731,-1.561238481873805,-1.5658547038210655
2.46186900138855,0.010461732745170593,0.06283938884735107,0.0014646053314208984,0.7390474081039429,0.17452409863471985,0.051789287477731705,-1.383983978724495,-1.527816107542488,-1.53346425944487
2.4718921184539795,-0.00418168306350708,0.0829319953918457,0.045764803886413574,0.9602456092834473,0.19907259941101074,0.11599650233983994,-1.3842475962487086,-1.4810618296399367,-1.4877736915591704
2.4818499088287354,-0.008772104978561401,0.07646924257278442,0.07451260089874268,1.1679229736328125,0.22678300738334656,0.1616276502609253,-1.3843747754320481,-1.4223707457841008,-1.43020218957246
2.4920709133148193,-0.005981177091598511,0.05237770080566406,0.07473748922348022,1.3875783681869507,0.2544412612915039,0.19499093294143677,-1.3837879920540597,-1.3516377555020669,-1.3606584526079069
2.503420114517212,-0.0010759979486465454,0.04138636589050293,0.05769670009613037,1.604315161705017,0.2865389585494995,0.2363603562116623,-1.382017933617702,-1.269793330980861,-1.280108658576167
2.5119760036468506,0.0018958598375320435,0.04834318161010742,0.04283308982849121,1.8069207668304443,0.3265199363231659,0.279996782541275,-1.3786388150140003,-1.1787453963162928,-1.1905028716749184
2.521991014480591,0.0029946565628051758,0.05465012788772583,0.03384297341108322,1.964308261871338,0.3652893304824829,0.3075791895389557,-1.373254533050654,-1.0820552683663573,-1.09550902136747
2.531956911087036,0.004631072282791138,0.04789251089096069,0.03287528455257416,2.0994231700897217,0.39339232444763184,0.342559278011322,-1.3656151320319836,-0.9846097751689435,-0.9999350524989413
2.542146921157837,0.005389660596847534,0.033587872982025146,0.0422603040933609,2.273563861846924,0.44357243180274963,0.39439815282821655,-1.3556283413430463,-0.8873827209473311,-0.9048158914377215
2.5538618564605713,0.008802369236946106,0.019846200942993164,0.039508357644081116,2.3784592151641846,0.5004538297653198,0.4571893513202667,-1.343228593923148,-0.7935592812224523,-0.8134280523100321
2.5621330738067627,0.011407852172851562,0.014652431011199951,0.037677183747291565,2.5670809745788574,0.45896196365356445,0.4457738697528839,-1.328249948673459,-0.704374748081364,-0.7266808738473235
2.5721099376678467,0.02009260654449463,0.01997554302215576,0.03022797405719757,2.804147243499756,0.4819549024105072,0.47301506996154785,-1.309821094433589,-0.6215720066321461,-0.6459755179324008
2.5819859504699707,-0.006379485130310059,0.006196916103363037,0.026160836219787598,3.070202350616455,0.6245342493057251,0.6468608975410461,-1.288275466227343,-0.541255958539293,-0.5683593556569988
2.5921459197998047,-0.008385419845581055,0.0426785945892334,0.008801102638244629,3.2875444889068604,0.5365447402000427,0.5509614944458008,-1.2635026543299381,-0.4672144905415068,-0.49711189968576747
2.6029160022735596,0.012262925505638123,0.05555391311645508,0.030903726816177368,3.4836654663085938,0.5313693284988403,0.501125693321228,-1.2347923204085174,-0.4048776534465558,-0.43695779209191576
2.6120879650115967,-0.02142258733510971,0.021664440631866455,0.06758245825767517,3.5449421405792236,0.6102348566055298,0.5692214369773865,-1.204024615314614,-0.3500657650382815,-0.38468303470049986
2.622107982635498,-0.025188475847244263,0.041353464126586914,0.07041853666305542,3.5265884399414062,0.6279158592224121,0.5565245151519775,-1.172256637911493,-0.30223783243884506,-0.3398569051154207
2.632021903991699,-0.02122565358877182,0.015742480754852295,0.0904037356376648,3.467560052871704,0.6276609897613525,0.5212671756744385,-1.1401131227210324,-0.26204427234295197,-0.30280274605848234
2.6421620845794678,-0.02036324143409729,-0.012374520301818848,0.10639622807502747,3.3747944831848145,0.6322289109230042,0.502069354057312,-1.1080977567264352,-0.22801528659114725,-0.2720746218206575
2.6533467769622803,-0.016119487583637238,-0.009839534759521484,0.11028248071670532,3.2842795848846436,0.6343213319778442,0.4776851236820221,-1.076574543637279,-0.1988053795301972,-0.2463093052164308
2.662094831466675,-0.012274086475372314,-0.004320323467254639,0.10750174522399902,3.1520564556121826,0.6382413506507874,0.4404776096343994,-1.0457130243083768,-0.17363277094759247,-0.22479874480592132
2.672179937362671,-0.011878937482833862,-0.004860520362854004,0.09961509704589844,2.955791473388672,0.6278347969055176,0.3921135365962982,-1.0161861576912399,-0.15214204647780943,-0.20713524252405943
2.6821157932281494,-0.012800134718418121,-0.0013979673385620117,0.10226142406463623,2.708876848220825,0.6093325614929199,0.34285080432891846,-0.9886058741459564,-0.13388336827266425,-0.19283337800638148
2.692164897918701,-0.011656597256660461,-0.013471901416778564,0.10680747032165527,2.4293041229248047,0.5732225179672241,0.2805120646953583,-0.9634766878626886,-0.11857040116913527,-0.18150949667429409
2.7033329010009766,-0.009201273322105408,-0.030149459838867188,0.11664611101150513,2.174130916595459,0.535734236240387,0.22572705149650574,-0.9408994845156876,-0.10588380160447418,-0.17274718971257208
2.7121927738189697,-0.009930934756994247,-0.02486485242843628,0.11372578144073486,1.9527812004089355,0.4803708493709564,0.19456806778907776,-0.9205037031235227,-0.09519081400971903,-0.16577996471740006
2.7222039699554443,-0.002948712557554245,-0.015141427516937256,0.09904587268829346,1.6497145891189575,0.4098530113697052,0.1786831021308899,-0.9026848872632414,-0.08620925266143642,-0.16006882179995247
2.7321341037750244,0.010305661708116531,-0.0080336332321167,0.09645789861679077,1.3360087871551514,0.3438132703304291,0.17443695664405823,-0.887949488632517,-0.07870550107345055,-0.15527711800062766
2.7422399520874023,0.018382780253887177,0.0025357604026794434,0.08333367109298706,1.0540941953659058,0.2980230450630188,0.1669246107339859,-0.8762168442045698,-0.07236198928076752,-0.15118609901744906
2.7532949447631836,0.013817977160215378,-0.005109190940856934,0.0602489709854126,0.88625568151474,0.27520641684532166,0.1555454432964325,-0.8666881852039108,-0.06676898967113286,-0.1476274692738782
2.762367010116577,-0.00023806467652320862,-0.01981210708618164,0.03739041090011597,0.7858575582504272,0.25153833627700806,0.1365688443183899,-0.8584678171785678,-0.061798250389595626,-0.14455174722711947
2.773030996322632,-0.010812155902385712,-0.01791226863861084,0.020649731159210205,0.6790179014205933,0.2351822704076767,0.12267991900444031,-0.8512025851563297,-0.05738771634848338,-0.14193553588084964
2.782331943511963,-0.016298677772283554,-0.012364089488983154,0.007649660110473633,0.5462836623191833,0.21742652356624603,0.12413937598466873,-0.8451437995182002,-0.05336584647429835,-0.13958364493128755
2.7930748462677,-0.013309452682733536,-0.01809251308441162,0.0014153122901916504,0.4406789541244507,0.2080676406621933,0.12282723933458328,-0.8403149800606969,-0.04957147953272124,-0.13734197931469558
2.804489850997925,-0.0069824401289224625,-0.030146896839141846,-0.005661129951477051,0.39175063371658325,0.1965666562318802,0.11517006903886795,-0.8362306248825677,-0.0460111571811842,-0.1352796181148516
2.8124279975891113,-0.008072638884186745,-0.018044114112854004,-0.006076693534851074,0.38746267557144165,0.17239661514759064,0.11652002483606339,-0.8324102904963278,-0.042698604756531054,-0.13331277312102868
2.822427988052368,-0.012301534414291382,0.001179039478302002,0.0028879642486572266,0.3999171555042267,0.15390214323997498,0.11859255284070969,-0.8285237547067019,-0.03959958144624006,-0.13132789569811965
2.8323957920074463,-0.013221574947237968,0.003344416618347168,0.009984433650970459,0.41431233286857605,0.14332406222820282,0.11533204466104507,-0.8244939898089941,-0.03667603883587306,-0.1293696669526072
2.8424108028411865,-0.01144886203110218,-0.002178668975830078,0.014857053756713867,0.40672972798347473,0.13824203610420227,0.1111215353012085,-0.8204117350106137,-0.03387698276431726,-0.12748082360494253
2.853599786758423,-0.013822749257087708,-0.003824770450592041,0.019130349159240723,0.3917699456214905,0.1424783319234848,0.10598376393318176,-0.8164568178976442,-0.031179806859658876,-0.12569789455293134
2.8623387813568115,-0.01581239141523838,-0.006918907165527344,0.020781517028808594,0.3884579539299011,0.1520417034626007,0.09897304326295853,-0.8125827408738757,-0.028490179192555816,-0.12402001947882112
2.8724257946014404,-0.01513645239174366,-0.011925995349884033,0.020644426345825195,0.38990911841392517,0.15999257564544678,0.07522670179605484,-0.8087105256220427,-0.025904799873041038,-0.12260666139082978
2.8824198246002197,-0.016916947439312935,-0.01316612958908081,0.021057844161987305,0.3875752091407776,0.1756695806980133,0.055748552083969116,-0.8048348390851574,-0.023451219525587028,-0.12153516686258854
2.8924529552459717,-0.019191838800907135,-0.011478841304779053,0.023061037063598633,0.3855418860912323,0.19060565531253815,0.04922673851251602,-0.8009778855460994,-0.02098748209856747,-0.12066572693570299
2.903190851211548,-0.018786780536174774,-0.0038456320762634277,0.020640432834625244,0.3822677433490753,0.20405644178390503,0.047823626548051834,-0.7971432979204299,-0.018448775160389924,-0.11988355878140357
2.9124081134796143,-0.014945614151656628,0.005793869495391846,0.02522289752960205,0.3892662525177002,0.21317936480045319,0.05966909974813461,-0.7932915940747655,-0.015760110337314163,-0.11903891141294771
2.9227421283721924,-0.00875385943800211,0.01238393783569336,0.030242979526519775,0.41195741295814514,0.22687599062919617,0.07515239715576172,-0.7892997006996725,-0.012810264649518574,-0.11799924813594276
2.9324309825897217,-0.009151562117040157,0.021767079830169678,0.03152906894683838,0.45733287930488586,0.24329277873039246,0.08775448054075241,-0.784977835966494,-0.009582452430657702,-0.11676957093105486
2.942487955093384,-0.010962892323732376,0.02322298288345337,0.028437137603759766,0.5230123400688171,0.25706565380096436,0.09167379885911942,-0.7800844258302083,-0.00615055475685749,-0.11545031562480111
2.95294189453125,-0.0125189870595932,0.01686227321624756,0.02611410617828369,0.5768164992332458,0.27138465642929077,0.10176664590835571,-0.7745797336713981,-0.002509680244900438,-0.11405512194460245
2.962479829788208,-0.01141226664185524,0.012433052062988281,0.019097566604614258,0.6210178136825562,0.268740177154541,0.10644033551216125,-0.7685824983464706,0.0012293158409084199,-0.11257950046190254
2.9725069999694824,-0.006798573303967714,0.01143425703048706,0.014565646648406982,0.6687515377998352,0.2673092484474182,0.10178859531879425,-0.762117518815345,0.004884403276312558,-0.11116314974072991
2.9825007915496826,-0.00227948697283864,0.00917208194732666,0.012755215167999268,0.7184581160545349,0.26937174797058105,0.10280900448560715,-0.7551637306559305,0.008495209858751481,-0.10981449885772847
2.992926836013794,-0.0038394052535295486,0.011178910732269287,0.010763227939605713,0.7572587728500366,0.2689613699913025,0.10392167419195175,-0.7477603966223744,0.012083562109444534,-0.10850178813376063
3.0031778812408447,-0.007809183560311794,0.015567779541015625,0.00986933708190918,0.7869790196418762,0.2695384919643402,0.10537033528089523,-0.7400127254474841,0.015638109318035793,-0.10723552292199127
3.0126240253448486,-0.008768587373197079,0.01091068983078003,0.01091468334197998,0.7852151989936829,0.27688881754875183,0.10348428040742874,-0.7320902889500442,0.01919647942538458,-0.10601234875090032
3.022871971130371,-0.011016057804226875,0.006979465484619141,0.007620334625244141,0.7389892935752869,0.2848134934902191,0.10415790230035782,-0.7244364163241686,0.022780991796669817,-0.1048270190138788
3.0325348377227783,-0.012864336371421814,0.0015821456909179688,0.0034406185150146484,0.6822834014892578,0.27875107526779175,0.10033226758241653,-0.7172810191666812,0.026367546702103103,-0.10368866931742629
3.042656898498535,-0.009815441444516182,-0.007822871208190918,0.005630671977996826,0.6253994107246399,0.2630119025707245,0.08323461562395096,-0.7107265055549395,0.029726534924560365,-0.10271384776351705
3.054250955581665,-0.0031047090888023376,-0.013497233390808105,0.01897609233856201,0.5888837575912476,0.23471155762672424,0.067017562687397,-0.7046395578006629,0.03268218333118015,-0.10198087023164878
3.0627639293670654,-0.0017317123711109161,-0.0008679032325744629,0.02565521001815796,0.5754598379135132,0.21800385415554047,0.06625903397798538,-0.6987921138563902,0.03533310221562918,-0.10136947032682131
3.0729079246520996,-0.005231020972132683,0.0147361159324646,0.022049248218536377,0.5569652318954468,0.2041626125574112,0.06465687602758408,-0.6930933049112169,0.03783152529079504,-0.10077771713316126
3.0825419425964355,-0.004554105922579765,0.017560958862304688,0.01402956247329712,0.5306898951530457,0.17592822015285492,0.06696658581495285,-0.6876285336780632,0.04010425287544446,-0.10020278285847499
3.092674970626831,-0.0015382207930088043,0.016370058059692383,0.010034739971160889,0.527601420879364,0.15788744390010834,0.07637686282396317,-0.6823293282165486,0.04218105351308345,-0.09955333389127251
3.1028950214385986,0.0035617947578430176,0.009621918201446533,0.0019413232803344727,0.5408797860145569,0.15024811029434204,0.08434765785932541,-0.6769588100137117,0.04418816662980403,-0.09880162736738572
3.112677812576294,0.0007942952215671539,0.011255443096160889,-0.01497650146484375,0.5605365633964539,0.14169509708881378,0.08554820716381073,-0.6714106296681416,0.04612625327465734,-0.09803517561329703
3.1227009296417236,-0.004760295152664185,0.0120619535446167,-0.017716526985168457,0.5751330852508545,0.13108773529529572,0.08806223422288895,-0.6656966438744956,0.04795826820343478,-0.09728055953046258
3.132983922958374,-0.005909677594900131,0.004428684711456299,-0.013069629669189453,0.5874912142753601,0.1255137324333191,0.09511081874370575,-0.6598364689282257,0.049737082062645835,-0.0964783464341573
3.1428258419036865,-0.006328079849481583,-0.0010717511177062988,-0.0040091872215271,0.5960763692855835,0.11975620687007904,0.09718089550733566,-0.6538724612603004,0.05148017063622501,-0.09563602443915975
3.1529290676116943,-0.007576394826173782,-0.0013595223426818848,0.0056378841400146484,0.5980234146118164,0.12036339938640594,0.10002914816141129,-0.6478473304716577,0.053195155718822315,-0.09477883903617329
3.162714958190918,-0.009166039526462555,-4.89354133605957e-05,0.011171400547027588,0.5914122462272644,0.12318999320268631,0.09468652307987213,-0.641835203798203,0.054904279777642194,-0.09396243223543216
3.172761917114258,-0.011438298970460892,-0.0026168227195739746,0.012212157249450684,0.5553695559501648,0.11715207993984222,0.0881524607539177,-0.63604298380064,0.056547376309366515,-0.09321800213935871
3.1827399730682373,-0.007412448525428772,-0.004053652286529541,0.012706637382507324,0.5094535946846008,0.10906348377466202,0.07987343519926071,-0.6306698958259523,0.05808750810559127,-0.09254766180149851
3.192750930786133,-0.00028978660702705383,-0.0038257241249084473,0.014782965183258057,0.4494088888168335,0.099894218146801,0.06703247129917145,-0.6258240985998071,0.05945242906777827,-0.09200077366395207
3.2032577991485596,0.001930471509695053,-0.005966603755950928,0.017120361328125,0.39015084505081177,0.10329782217741013,0.06607294082641602,-0.6216002120179562,0.06076656457693139,-0.09149108288213491
3.212785005569458,-0.0009236373007297516,-0.007437527179718018,0.019917070865631104,0.3584482967853546,0.11153631657361984,0.06522951275110245,-0.617840001715833,0.06216109188310994,-0.0909549596041446
3.222806930541992,-0.003105510026216507,-0.005816042423248291,0.02042829990386963,0.3770325481891632,0.11756553500890732,0.06581024825572968,-0.6141521498946237,0.06360748424436154,-0.09043961214084881
3.2330048084259033,-0.006259389221668243,0.0032920241355895996,0.0207521915435791,0.43809378147125244,0.12171873450279236,0.07289185374975204,-0.6100709028287318,0.06509851828589043,-0.08992332804335514
3.2429099082946777,-0.004688911139965057,0.0181388258934021,0.019831359386444092,0.5508832931518555,0.1334095597267151,0.08297314494848251,-0.6051087268560353,0.06667895947520294,-0.08937386442134154
3.2532570362091064,-0.004991453140974045,0.028824210166931152,0.011775612831115723,0.6963683366775513,0.15714284777641296,0.09997742623090744,-0.5988276575792035,0.06846191823539939,-0.08879321665998345
3.2629358768463135,-0.00656050443649292,0.03532421588897705,0.0024644136428833008,0.8681182265281677,0.18279065191745758,0.11787163466215134,-0.5909792551285918,0.07052695908475193,-0.0881366222261557
3.273463010787964,-0.007080629467964172,0.04671216011047363,-0.0033813118934631348,1.057266116142273,0.19513094425201416,0.13605143129825592,-0.5812477758039898,0.07281913922764119,-0.08743172269117067
3.282853841781616,-0.005880199372768402,0.053398728370666504,-0.002790987491607666,1.2067569494247437,0.19398897886276245,0.1434972584247589,-0.5698029720903978,0.0751383458889261,-0.08676850950184022
3.2929251194000244,-0.0045815929770469666,0.056136131286621094,0.007241547107696533,1.283377766609192,0.19249068200588226,0.14926539361476898,-0.557197266654094,0.07738803224687404,-0.0861748160762622
3.303968906402588,-0.0030294284224510193,0.04308116436004639,0.018062353134155273,1.2896617650985718,0.20623371005058289,0.1458759903907776,-0.544207569849871,0.07965722159441534,-0.08563355866067225
3.312959909439087,-0.0022068843245506287,0.022457599639892578,0.024454116821289062,1.2466927766799927,0.2262319177389145,0.13505929708480835,-0.5314257141642532,0.08203586198651489,-0.08519614359786395
3.3229711055755615,-0.007287286221981049,0.008839339017868042,0.03456604480743408,1.1839191913604736,0.24826042354106903,0.12029239535331726,-0.5191942549963569,0.08455794166886633,-0.08489759563558114
3.3328959941864014,-0.012847363948822021,0.0019314587116241455,0.041295647621154785,1.1292942762374878,0.2619016766548157,0.11745719611644745,-0.5075580006967182,0.0872348991719716,-0.08467243966840898
3.342978000640869,-0.013270050287246704,0.0006365478038787842,0.04608529806137085,1.0686503648757935,0.26184308528900146,0.11386911571025848,-0.4964850255486116,0.08997504337139922,-0.08446147562015763
3.3532209396362305,-0.0066190436482429504,0.002600550651550293,0.04249495267868042,1.0000511407852173,0.2475440353155136,0.10430437326431274,-0.4860719661245947,0.09261252477644302,-0.08429408761229451
3.3630778789520264,0.0015309900045394897,0.00029841065406799316,0.03825289011001587,0.9112477898597717,0.22729550302028656,0.09198464453220367,-0.47642993453620075,0.09504137638854968,-0.08420391681232789
3.374152898788452,0.008876413106918335,-0.007312685251235962,0.028633832931518555,0.7936415076255798,0.20369696617126465,0.07811303436756134,-0.46784276747249465,0.09721098764983317,-0.08417428909859355
3.382960081100464,0.012831009924411774,-0.012856841087341309,0.022940337657928467,0.6627141237258911,0.1874728500843048,0.06146444380283356,-0.4605109278888336,0.09916135243187468,-0.08419051327303356
3.3930509090423584,0.0145234614610672,-0.019013583660125732,0.020381152629852295,0.530470073223114,0.17046883702278137,0.0498109832406044,-0.4545153918580152,0.1009347674447847,-0.08423102295639619
3.403223991394043,0.01142122596502304,-0.018319815397262573,0.018077075481414795,0.40942299365997314,0.15143507719039917,0.03669843077659607,-0.4497916535988758,0.10253035071563635,-0.08427841371137137
3.413017988204956,0.010586157441139221,-0.017618536949157715,0.013573884963989258,0.29218238592147827,0.1313263475894928,0.02611422911286354,-0.44627093724338024,0.10393329900873904,-0.08433740293685368
3.4230449199676514,0.011680275201797485,-0.020396143198013306,0.006701469421386719,0.1840946227312088,0.1065981462597847,0.01629888266324997,-0.4438877626131726,0.10511095791455122,-0.08437628332007203
3.4330008029937744,0.011190272867679596,-0.020531028509140015,0.001406848430633545,0.10300857573747635,0.08322171866893768,0.005829730071127415,-0.44246628622556133,0.10602652047436881,-0.0844338418116408
3.443140983581543,0.010771110653877258,-0.01995152235031128,-0.0008629560470581055,0.05553239583969116,0.06331778317689896,0.0003002089215442538,-0.44169007451780623,0.10672530338784235,-0.0844996851714139
3.4536731243133545,0.008137308061122894,-0.013873636722564697,-0.006307840347290039,0.028821690008044243,0.04549431428313255,0.0016847862862050533,-0.4412796253794767,0.10724099455851817,-0.08455041927964829
3.4630868434906006,0.0034365057945251465,-0.005243450403213501,-0.009075760841369629,0.015005193650722504,0.02807062864303589,0.003604979021474719,-0.44106718842452747,0.10760478015970784,-0.08454324010790752
3.473228931427002,0.0021594539284706116,-0.0029096603393554688,-0.007224977016448975,0.011488223448395729,0.016609713435173035,0.004257986322045326,-0.4409330789047832,0.10783031569367102,-0.08452106463900827
3.483207941055298,-0.0014605671167373657,-0.004287689924240112,-0.0053784847259521484,0.01763979345560074,0.014814654365181923,0.004206852987408638,-0.4407864926287221,0.10799664216585983,-0.08449585893856539
3.4938480854034424,-0.0062195658683776855,-0.004850178956985474,-0.003933727741241455,0.022611647844314575,0.0144314244389534,0.0038768877275288105,-0.4405817356441832,0.10815393524211153,-0.08447313305767436
3.503688097000122,-0.009517006576061249,-0.0006206035614013672,-0.0089988112449646,0.035446785390377045,0.013357017189264297,0.006330723874270916,-0.4402917559310902,0.10831045245045806,-0.08445120494497034
3.5131709575653076,-0.00650981068611145,0.0071159303188323975,-0.012653887271881104,0.05034930258989334,0.008099936880171299,0.001675784937106073,-0.4398529257709322,0.10842235228264907,-0.0844494253140268
3.5231549739837646,-0.004594199359416962,0.010465949773788452,-0.013875126838684082,0.06909149885177612,0.006447623483836651,-0.004614867735654116,-0.43927040124375444,0.10845120487975995,-0.08453741001684667
3.5330169200897217,-0.005919098854064941,0.010713458061218262,-0.014313459396362305,0.08338627964258194,0.008303048089146614,-0.0046705277636647224,-0.4383733198761526,0.10853808077226697,-0.08464246443572965
3.5432260036468506,-0.0052567943930625916,0.011603474617004395,-0.013680219650268555,0.0991281270980835,0.007445331662893295,-0.006232311949133873,-0.4374074276878233,0.10856666987830067,-0.08479546005172307
3.5541419982910156,-0.0040795207023620605,0.014775663614273071,-0.014854669570922852,0.11162181943655014,-0.0034432681277394295,-0.011643055826425552,-0.43633142126701885,0.10850932324454261,-0.08501197977705834
3.56333589553833,0.0011114254593849182,0.013014227151870728,-0.013689041137695312,0.11277566850185394,-0.016418898478150368,-0.01378540974110365,-0.43521109395329655,0.1082630312754795,-0.0852896605638416
3.5733869075775146,0.005718134343624115,0.007885277271270752,-0.00914853811264038,0.11032236367464066,-0.023798517882823944,-0.017321022227406502,-0.43411974964947037,0.10785431040694161,-0.08562309332680283
3.583296060562134,0.008963547646999359,0.0002474486827850342,-0.003908276557922363,0.09233878552913666,-0.03636717423796654,-0.024187130853533745,-0.4331369559587108,0.10730301396736538,-0.08600922565746973
3.5933449268341064,0.010942570865154266,-0.004639565944671631,0.00041931867599487305,0.08033565431833267,-0.046460822224617004,-0.02264915592968464,-0.4323852247310445,0.10666223951677721,-0.08639413199646953
3.6038899421691895,0.014208957552909851,-0.004897445440292358,0.0066599249839782715,0.0587383434176445,-0.0528426431119442,-0.024213869124650955,-0.4318122084407812,0.10597388668783977,-0.086753339365634
3.6135308742523193,0.014967769384384155,-0.010106474161148071,0.005988597869873047,0.04267016053199768,-0.05622485652565956,-0.02521468512713909,-0.43143224578062106,0.10523348277073762,-0.08710231888932037
3.623913049697876,0.01371987909078598,-0.017417848110198975,0.008397221565246582,0.03172295540571213,-0.05504077300429344,-0.022074498236179352,-0.43119969476931297,0.10450914890687503,-0.08741650038695842
3.63326096534729,0.013304151594638824,-0.021520882844924927,0.01041102409362793,0.033583708107471466,-0.04708777368068695,-0.014135083183646202,-0.4310132519611019,0.10387949882866988,-0.08765630430043944
